91
104
242
258
278
309
315
396
429
433
465
477
478
527
601
651
695
701
711
767
785
846
848
849
901
913
914
987
988
1004
1081
1084
1119
1164
1224
1252
1323
1335
1351
1354
1358
1360
1365
1368
1371
1377
1381
1393
1406
1408
1410
1432
1441
1452
1459
1462
1464
1465
1469
1483
1485
1487
1489
1506
1511
1525
1535
1539
1541
1545
1548
1554
1562
1563
1573
1574
1578
1581
1582
1586
1591
1601
1606
1612
1614
1620
1623
1629
1630
1631
1632
1642
1648
1650
1651
1654
1668
1669
1671
1683
1686
1689
1692
1694
1695
1696
1700
1706
1707
1715
1719
1721
1723
1729
1731
1738
1739
1743
1745
1748
1754
1755
1761
1768
1775
1776
1781
1782
1783
1784
1785
1789
1791
1800
1801
1802
1809
1811
1813
1819
1822
1826
1830
1833
1839
1841
1844
1846
1847
1848
1853
1857
1858
1863
1873
1888
1891
1897
1898
1903
1905
1913
1914
1917
1919
1923
1924
1930
1931
1932
1933
1937
1942
1948
1949
1951
1952
1953
1954
1971
1972
1976
1988
1990
1992
1993
2002
2003
2004
2005
2006
2010
2011
2012
2014
2017
2029
2033
2036
2038
2041
2044
2047
2049
2053
2061
2064
2075
2083
2102
2105
2106
2117
2121
2124
2126
2129
2138
2142
2144
2145
2150
2152
2154
2155
2158
2160
2165
2167
2169
2181
2182
2186
2189
2192
2205
2208
2209
2217
2220
2224
2225
2231
2233
2235
2240
2242
2243
2245
2249
2250
2251
2254
2255
2257
2259
2261
2262
2265
2266
2268
2275
2279
2280
2288
2295
2298
2300
2306
2310
2311
2312
2315
2316
2324
2325
2328
2330
2332
2338
2343
2346
2351
2352
2355
2356
2360
2362
2365
2366
2369
2382
2389
2391
2396
2401
2403
2405
2408
2409
2411
2413
2414
2420
2422
2424
2425
2428
2432
2436
2439
2441
2444
2448
2452
2454
2457
2459
2462
2465
2476
2479
2480
2483
2484
2490
2494
2495
2497
2502
2503
2506
2507
2510
2511
2512
2514
2515
2518
2519
2527
2532
2534
2536
2538
2541
2544
2545
2551
2552
2554
2565
2567
2571
2584
2586
2588
2589
2591
2594
2601
2608
2610
2612
2613
2616
2619
2622
2623
2624
2631
2636
2637
2640
2646
2648
2649
2650
2652
2655
2656
2658
2661
2666
2667
2670
2671
2676
2677
2678
2689
2691
2695
2701
2707
2708
2710
2715
2719
2721
2722
2725
2726
2730
2733
2736
2741
2745
2749
2755
2759
2761
2762
2764
2766
2767
2768
2769
2773
2774
2781
2783
2784
2787
2792
2793
2798
2804
2810
2814
2815
2818
2819
2824
2828
2829
2830
2831
2833
2844
2845
2846
2848
2851
2852
2853
2856
2858
2867
2875
2876
2888
2890
2892
2895
2898
2900
2903
2909
2913
2916
2921
2922
2924
2925
2927
2929
2935
2937
2947
2948
2950
2958
2959
2961
2962
2963
2968
2970
2972
2977
2985
2987
2988
2992
3000
3005
3010
3011
3012
3017
3024
3025
3028
3030
3035
3036
3041
3044
3045
3049
3050
3064
3068
3076
3077
3078
3079
3082
3089
3092
3094
3099
3100
3103
3104
3105
3107
3110
3114
3116
3123
3127
3132
3134
3136
3141
3142
3145
3146
3151
3152
3154
3162
3163
3165
3166
3167
3170
3175
3176
3178
3182
3189
3192
3197
3198
3199
3206
3208
3209
3214
3216
3220
3228
3231
3238
3242
3244
3249
3251
3252
3258
3266
3267
3268
3269
3272
3273
3274
3275
3276
3279
3285
3293
3294
3296
3300
3303
3305
3306
3311
3319
3320
3323
3324
3327
3336
3339
3340
3346
3349
3352
3353
3363
3365
3371
3375
3376
3380
3385
3386
3392
3393
3394
3395
3396
3399
3403
3404
3409
3410
3419
3421
3423
3429
3434
3441
3442
3447
3450
3453
3454
3456
3461
3462
3469
3471
3473
3479
3487
3496
3501
3504
3509
3510
3512
3514
3519
3530
3534
3538
3539
3541
3544
3545
3549
3556
3561
3562
3572
3575
3578
3583
3594
3595
3597
3599
3601
3606
3610
3618
3620
3624
3631
3632
3634
3635
3639
3645
3654
3660
3661
3662
3669
3679
3680
3681
3687
3691
3697
3702
3705
3713
3715
3716
3719
3722
3724
3727
3730
3732
3734
3736
3739
3740
3743
3744
3750
3759
3761
3762
3763
3765
3773
3775
3780
3788
3789
3796
3799
3808
3809
3813
3814
3819
3831
3835
3844
3845
3846
3858
3863
3866
3870
3873
3877
3879
3882
3883
3889
3892
3893
3894
3897
3904
3906
3907
3912
3916
3917
3918
3920
3921
3923
3924
3926
3932
3933
3934
3936
3938
3942
3943
3945
3946
3947
3958
3961
3963
3964
3965
3970
3972
3973
3978
3980
3982
3985
3987
3995
3997
3998
4010
4012
4020
4027
4034
4036
4037
4039
4040
4045
4048
4050
4051
4052
4056
4058
4059
4060
4061
4064
4069
4071
4072
4074
4080
4085
4086
4090
4097
4098
4099
4101
4104
4112
4115
4118
4121
4122
4129
4134
4141
4142
4144
4145
4147
4156
4159
4162
4164
4171
4173
4174
4186
4192
4196
4200
4203
4207
4211
4212
4214
4215
4221
4222
4223
4226
4228
4245
4250
4260
4261
4262
4264
4266
4271
4275
4281
4282
4290
4296
4298
4299
4302
4304
4307
4308
4309
4314
4315
4327
4329
4334
4335
4338
4351
4360
4361
4364
4366
4374
4377
4378
4381
4388
4392
4404
4406
4407
4408
4414
4418
4420
4424
4425
4427
4436
4440
4441
4442
4447
4451
4457
4458
4462
4468
4471
4472
4474
4477
4480
4485
4486
4487
4490
4494
4514
4518
4519
4520
4524
4530
4532
4536
4543
4548
4549
4552
4556
4559
4565
4569
4571
4573
4578
4581
4597
4598
4602
4609
4610
4615
4616
4618
4619
4625
4626
4628
4630
4631
4633
4636
4638
4643
4648
4653
4654
4655
4660
4663
4664
4671
4676
4678
4685
4702
4705
4710
4718
4719
4722
4726
4727
4730
4734
4739
4754
4763
4770
4771
4772
4775
4777
4782
4801
4802
4805
4807
4808
4811
4825
4828
4831
4835
4837
4838
4840
4851
4860
4863
4875
4880
4882
4884
4886
4892
4895
4899
4907
4909
4912
4917
4927
4935
4940
4947
4949
4953
4960
4975
4986
4990
4991
5000
5002
5020
5021
5023
5028
5037
5039
5042
5043
5063
5067
5074
5082
5086
5090
5092
5097
5099
5101
5106
5107
5112
5119
5121
5125
5127
5128
5131
5139
5143
5146
5148
5150
5151
5154
5157
5169
5174
5180
5186
5187
5189
5194
5195
5197
5203
5208
5214
5216
5218
5221
5230
5231
5233
5246
5247
5255
5256
5259
5267
5276
5279
5302
5307
5309
5311
5314
5317
5318
5326
5327
5332
5335
5339
5344
5347
5349
5354
5368
5370
5378
5380
5390
5391
5402
5409
5430
5449
5454
5460
5491
5494
5497
5499
5505
5512
5514
5515
5520
5524
5526
5534
5542
5549
5551
5553
5560
5578
5583
5590
5602
5608
5613
5629
5634
5642
5643
5649
5653
5654
5664
5669
5673
5676
5677
5680
5682
5687
5691
5693
5698
5700
5701
5704
5705
5713
5727
5728
5737
5749
5752
5779
5787
5793
5795
5797
5799
5808
5809
5810
5815
5830
5837
5843
5851
5866
5872
5890
5893
5897
5899
5900
5901
5905
5906
5911
5912
5916
5943
5952
5954
5968
5974
5977
5984
5992
5999
6005
6009
6024
6028
6034
6037
6040
6049
6069
6073
6101
6102
6108
6109
6111
6125
6132
6199
6204
6213
6217
6223
6240
6268
6278
6279
6288
6290
6293
6299
6301
6309
6318
6341
6359
6368
6374
6377
6380
6382
6390
6391
6398
6400
6404
6420
6422
6433
6437
6438
6440
6455
6460
6461
6464
6470
6484
6487
6489
6494
6495
6498
6503
6510
6517
6524
6548
6549
6553
6555
6566
6568
6569
6574
6589
6593
6597
6599
6611
6618
6629
6649
6652
6653
6657
6660
6666
6667
6670
6673
6676
6694
6696
6698
6700
6711
6718
6719
6723
6728
6729
6736
6737
6738
6739
6740
6751
6759
6760
6763
6764
6782
6786
6787
6788
6797
6801
6806
6829
6830
6831
6832
6835
6842
6843
6846
6847
6849
6857
6859
6862
6864
6872
6879
6880
6881
6882
6883
6886
6909
6921
6924
6931
6932
6936
6939
6942
6944
6946
6952
6958
6962
6963
6968
6972
6975
6976
6978
6979
6982
6987
6997
7010
7022
7024
7052
7055
7056
7081
7090
7093
7107
7111
7113
7115
7123
7125
7130
7133
7141
7148
7158
7162
7176
7183
7184
7185
7227
7229
7241
7247
7253
7272
7282
7294
7296
7297
7314
7316
7324
7328
7342
7343
7377
7383
7391
7397
7401
7403
7412
7415
7426
7435
7442
7443
7449
7472
7479
7497
7500
7530
7552
7559
7567
7573
7574
7584
7590
7598
7602
7603
7614
7620
7637
7642
7645
7653
7657
7665
7668
7673
7675
7704
7720
7766
7776
7779
7789
7838
7852
7865
7872
7928
7944
7960
7987
8067
8071
8080
8081
8083
8084
8094
8096
8098
8107
8115
8125
8134
8147
8150
8154
8156
8157
8158
8159
8163
8177
8179
8181
8183
8194
8199
8208
8210
8213
8219
8230
8246
8250
8253
8254
8255
8262
8266
8267
8269
8278
8283
8287
8288
8295
8297
8300
8304
8315
8316
8318
8337
8352
8357
8358
8359
8363
8368
8374
8375
8377
8381
8384
8388
8390
8394
8398
8411
8413
8415
8419
8422
8436
8439
8441
8443
8444
8448
8449
8460
8463
8471
8474
8475
8488
8492
8495
8497
8501
8503
8510
8527
8530
8532
8535
8539
8549
8558
8572
8585
8594
8608
8615
8621
8622
8629
8632
8635
8640
8643
8650
8662
8677
8681
8688
8699
8725
8731
8746
8748
8762
8766
8769
8781
8783
8806
8808
8819
8823
8845
8904
8924
8926
8957
8962
8968
8994
9020
9021
9040
9135
9154
9172
